@RELATION idfsparse

@ATRIBUTE Tweet0 NUMERIC
	%Tweet0="rt  #perdonadomessi   justicia fifa momento messi insulta linea pruebas remito htt"
@ATRIBUTE Tweet1 NUMERIC
	%Tweet1="rt  #noticias #espnrun keniata eliud kipchoge oro olimpico corrio monza maraton rapido historia"
@ATRIBUTE Tweet2 NUMERIC
	%Tweet2="#laliga michel permitir dar paso #malaga"
@ATRIBUTE Tweet3 NUMERIC
	%Tweet3=" papa comunista parcializado crisis deberia directo justicia"
@ATRIBUTE Tweet4 NUMERIC
	%Tweet4="derecho detenidos durante protestas seran procesados justicia militar "
@ATRIBUTE Tweet5 NUMERIC
	%Tweet5="rt  verguenza         viralizo audio peronismo convocaba protestar macri matanza"
@ATRIBUTE Tweet6 NUMERIC
	%Tweet6="rt  florencia valle   #metrobus #escrache  voz audio organiza escrache macri  #escuelaitinerante "
@ATRIBUTE Tweet7 NUMERIC
	%Tweet7="rt  garantismo gusta garantismo gusta represion macri mala represion maduro buena "
@ATRIBUTE Tweet8 NUMERIC
	%Tweet8="rt  derecho detenidos durante protestas seran procesados justicia militar "
@ATRIBUTE Tweet9 NUMERIC
	%Tweet9="rt  dije video partido momento messi insulta linea pruebas remito justic "
@ATRIBUTE Tweet10 NUMERIC
	%Tweet10="rt  son buitres rabiosos termina curro vivir gracias corrupcion inmoralidad peron "
@ATRIBUTE Tweet11 NUMERIC
	%Tweet11="apoyaria fueras liberal lali"
@ATRIBUTE Tweet12 NUMERIC
	%Tweet12="rt  #perdonadomessi   justicia fifa momento messi insulta linea pruebas remito htt"
@ATRIBUTE Tweet13 NUMERIC
	%Tweet13="rt  venezuela exige justicia armando angel brayan daniel victimas represion #maduroasesinodelpueblo"
@ATRIBUTE Tweet14 NUMERIC
	%Tweet14="rt  magario tapa carteles macri metrobus podra tapar escrache sufre redes  #pelotudakk"
@ATRIBUTE Tweet15 NUMERIC
	%Tweet15=" facil acomodarse politicamente victima  reconciliacion pasa haga j"
@ATRIBUTE Tweet16 NUMERIC
	%Tweet16="corte macri ampliando grieta dijo  #50minutos"
@ATRIBUTE Tweet17 NUMERIC
	%Tweet17="rt  autores parezca suicidio salio parezcan vecinos #fpvcinemas right now"
@ATRIBUTE Tweet18 NUMERIC
	%Tweet18="   afirmacion seguro gano blok gracias acto terrorista pedir justicia"
@ATRIBUTE Tweet19 NUMERIC
	%Tweet19="rt  pasaste degenerado vi bolsa arrastrate extremo complice genocida "
@ATRIBUTE Tweet20 NUMERIC
	%Tweet20="rt  exclusivo  #metrobus  florencia valle  miles  voz audio organiza escrache macri "
@ATRIBUTE Tweet21 NUMERIC
	%Tweet21="directo atletico  eibar"
@ATRIBUTE Tweet22 NUMERIC
	%Tweet22="rt  dicenquieren vean vecinos impidieron quema sede justicia falcon"
@ATRIBUTE Tweet23 NUMERIC
	%Tweet23="rt  noche | macri hizo tierras frontera bolivia excluyo comunidades originarias  #adn 20 "
@ATRIBUTE Tweet24 NUMERIC
	%Tweet24="habla experiencia relato mauricio macri"
@ATRIBUTE Tweet25 NUMERIC
	%Tweet25="rt  opereta medios dicen chofer ninguneo macri  falso   daniel barrera senadorvestido chofe "
@ATRIBUTE Tweet26 NUMERIC
	%Tweet26="rt  #inicia #pasedelistaayotzinapa  dia 16 #plantonpermanentepgr verdad justicia  vivos llevaron "
@ATRIBUTE Tweet27 NUMERIC
	%Tweet27="rt  cultura exige justicia cumple ley"
@ATRIBUTE Tweet28 NUMERIC
	%Tweet28="rt  exigimos justicia carlos eduardo paola kenyer almelina miguel victimas #maduroasesinodelpueblo"
@ATRIBUTE Tweet29 NUMERIC
	%Tweet29="rt  nayar regiones pobres pagara maiz 20 pesos frijol 30 kilo justicia dar opcion"
@ATRIBUTE Tweet30 NUMERIC
	%Tweet30="ramon espinar haciendo justicia viejo dicho haz diga hagaque opinas"
@ATRIBUTE Tweet31 NUMERIC
	%Tweet31="rt  venezuela exige justicia armando angel brayan daniel victimas represion #maduroasesinodelpueblo"
@ATRIBUTE Tweet32 NUMERIC
	%Tweet32="rt  cinismo asesino funeral victima luego caen presos culpables ponen fotos clamando "
@ATRIBUTE Tweet33 NUMERIC
	%Tweet33="rt  busca justicia"
@ATRIBUTE Tweet34 NUMERIC
	%Tweet34="rt   apoya delincuentesllamacomplice delito #justicia  queda  htt"
@ATRIBUTE Tweet35 NUMERIC
	%Tweet35="rt  familia leopoldo lopez acudira justicia espanola"
@ATRIBUTE Tweet36 NUMERIC
	%Tweet36=" gran movida corte suprema favor kirchnrrismo fallo craneos culpen mac"
@ATRIBUTE Tweet37 NUMERIC
	%Tweet37="apoyar honestidad coraje dr campagnoli dignificar justicia esperanza"
@ATRIBUTE Tweet38 NUMERIC
	%Tweet38="rt  doble falta tenian plata plan hicieron corruptos ladronesincapaces"
@ATRIBUTE Tweet39 NUMERIC
	%Tweet39="maravilloso diego genio"
@ATRIBUTE Tweet40 NUMERIC
	%Tweet40="verguenza dan pendiente pidanle metrobus enferma jefa infelices"
@ATRIBUTE Tweet41 NUMERIC
	%Tweet41="rt  exclusivo  #metrobus  florencia valle  miles  voz audio organiza escrache macri "
@ATRIBUTE Tweet42 NUMERIC
	%Tweet42="rt  ranking popularidad presidentes  macri 53 kuczynski 43 evo 42 correa 36 vazquez 35 bachelet 25 maduro 23"
@ATRIBUTE Tweet43 NUMERIC
	%Tweet43="rt  derecho detenidos durante protestas seran procesados justicia militar "
@ATRIBUTE Tweet44 NUMERIC
	%Tweet44="rt  chavistas quieren justicia libertad dejan enganar resto venezolanos quiere guerra son to "
@ATRIBUTE Tweet45 NUMERIC
	%Tweet45="mirar ojos victimas delito cobarde  debe pensarse  decision  contextopregunto xq darle beneficio cdo  hay exterroristas libres"
@ATRIBUTE Tweet46 NUMERIC
	%Tweet46="rt  papelonano   ahora   sube nota nacion despidos crisis pegarle macri  "
@ATRIBUTE Tweet47 NUMERIC
	%Tweet47="carmela espinosa"
@ATRIBUTE Tweet48 NUMERIC
	%Tweet48="rt  detectada gendarmeria  concejal jujena cercana macri tenia seiscientos mil pesos "
@ATRIBUTE Tweet49 NUMERIC
	%Tweet49="rt  actua ertzaina animal asustado tunel maltrato animaldifunde justicia"
@ATRIBUTE Tweet50 NUMERIC
	%Tweet50="rt  giggs confiesa descubre palabras  #pl"
@ATRIBUTE Tweet51 NUMERIC
	%Tweet51="rt  santo tomas aquino justicia misericordia crueldad  "
@ATRIBUTE Tweet52 NUMERIC
	%Tweet52="rt  escrache macri #metrobus  instantes muestro voz audio organiza escrache macri matanza"
@ATRIBUTE Tweet53 NUMERIC
	%Tweet53="julito debe perder humano dignidad"
@ATRIBUTE Tweet54 NUMERIC
	%Tweet54="rt  venezuela exige justicia armando angel brayan daniel victimas represion #maduroasesinodelpueblo"
@ATRIBUTE Tweet55 NUMERIC
	%Tweet55="rt  familia leopoldo acudira justicia espanola acusar gobierno terrorismo"
@ATRIBUTE Tweet56 NUMERIC
	%Tweet56="anoche compas humo vino futbol       futbol verdadno negocio"
@ATRIBUTE Tweet57 NUMERIC
	%Tweet57="rt  opereta medios dicen chofer ninguneo macri  falso   daniel barrera senadorvestido chofe "
@ATRIBUTE Tweet58 NUMERIC
	%Tweet58="ver creer compre estimada"
@ATRIBUTE Tweet59 NUMERIC
	%Tweet59="rt  florencia valle   #metrobus #escrache  voz audio organiza escrache macri  #escuelaitinerante "
@ATRIBUTE Tweet60 NUMERIC
	%Tweet60="rt  exclusivo  #metrobus  florencia valle  miles  voz audio organiza escrache macri "
@ATRIBUTE Tweet61 NUMERIC
	%Tweet61="rt  busca justicia"
@ATRIBUTE Tweet62 NUMERIC
	%Tweet62="rt  exigimos justicia carlos eduardo paola kenyer almelina miguel victimas #maduroasesinodelpueblo"
@ATRIBUTE Tweet63 NUMERIC
	%Tweet63="rt  florencia valle   #metrobus #escrache  voz audio organiza escrache macri  #escuelaitinerante "
@ATRIBUTE Tweet64 NUMERIC
	%Tweet64="rt  pais aguanta bandidos disfrazados politicos mandan matar destruir despues tranquilam "
@ATRIBUTE Tweet65 NUMERIC
	%Tweet65="rt  actua ertzaina animal asustado tunel maltrato animaldifunde justicia"
@ATRIBUTE Tweet66 NUMERIC
	%Tweet66="rt  desenmascaro escrache macri  rolo galvan senalado audio organizo escrache macri  "
@ATRIBUTE Tweet67 NUMERIC
	%Tweet67="#argentina moviliza liberacion genocidas gobierno mauricio #macri infame  mier"
@ATRIBUTE Tweet68 NUMERIC
	%Tweet68="barca campana referendum independentista "
@ATRIBUTE Tweet69 NUMERIC
	%Tweet69="buenos dejomomentopicks futbol pasar finde centro mlb espero salgan cuotas bet"
@ATRIBUTE Tweet70 NUMERIC
	%Tweet70="rt  actua ertzaina animal asustado tunel maltrato animaldifunde justicia"
@ATRIBUTE Tweet71 NUMERIC
	%Tweet71="rt  15 meses decir asumio macri"
@ATRIBUTE Tweet72 NUMERIC
	%Tweet72=" hay confiar justicia jajajajaajajaja"
@ATRIBUTE Tweet73 NUMERIC
	%Tweet73="rt  #metrobuspolemico brindo noche   viaja demostrarle mundo entero argentinos"
@ATRIBUTE Tweet74 NUMERIC
	%Tweet74="rt  venezuela exige justicia armando angel brayan daniel victimas represion #maduroasesinodelpueblo"
@ATRIBUTE Tweet75 NUMERIC
	%Tweet75="rt  familia leopoldo lopez acudira justicia espanola "
@ATRIBUTE Tweet76 NUMERIC
	%Tweet76="rt  exclusivo  #metrobus  florencia valle  miles  voz audio organiza escrache macri "
@ATRIBUTE Tweet77 NUMERIC
	%Tweet77="rt  derecho detenidos durante protestas seran procesados justicia militar "
@ATRIBUTE Tweet78 NUMERIC
	%Tweet78="rt  viralizo audio peronismo convocaba protestar macri matanza"
@ATRIBUTE Tweet79 NUMERIC
	%Tweet79="rt  #95mesesabc exigiendo justicia   #pasedelista1al43      "
@ATRIBUTE Tweet80 NUMERIC
	%Tweet80="rt  recomendamos candidatos fiscal general constituyentes tribunal supremo justicia "
@ATRIBUTE Tweet81 NUMERIC
	%Tweet81="rt  carajo pasa justicia argentina verguenza"
@ATRIBUTE Tweet82 NUMERIC
	%Tweet82="rt  busca justicia"
@ATRIBUTE Tweet83 NUMERIC
	%Tweet83="rt  colombia enganando colombianos guatemala enganando guatemaltecos reformas ivan"
@ATRIBUTE Tweet84 NUMERIC
	%Tweet84="rt  asesinar investigue asesinatos jamon exigimos justicia #maduroasesinodelpueblo"
@ATRIBUTE Tweet85 NUMERIC
	%Tweet85="rt  hara justicia #envideo gnb disparo directamente hecder lugo perez piso"
@ATRIBUTE Tweet86 NUMERIC
	%Tweet86="rt  lloros  seranimpotencia verse acorralada #anacontragurtel espero pronto haga "
@ATRIBUTE Tweet87 NUMERIC
	%Tweet87="rt  argentina escandalizada decision justicia liberar torturador"
@ATRIBUTE Tweet88 NUMERIC
	%Tweet88="ramon espinar haciendo justicia viejo dicho haz diga hagaque opinas"
@ATRIBUTE Tweet89 NUMERIC
	%Tweet89="rt  nuevo trastorno efecto magario sintomas hicimos robamos plata ahora parece "
@ATRIBUTE Tweet90 NUMERIC
	%Tweet90="          je"
@ATRIBUTE Tweet91 NUMERIC
	%Tweet91="rt  matar justo basta hay asesinar espiritu ejemplo desaliente justos justicia"
@ATRIBUTE Tweet92 NUMERIC
	%Tweet92="rt  tribunal supremo justicia andalucia revision sentencia caso negligencia medica  "
@ATRIBUTE Tweet93 NUMERIC
	%Tweet93="#sabadodeganarseguidores #falcao  enorme jugador demuestra valores futbol #grandefalcao"
@ATRIBUTE Tweet94 NUMERIC
	%Tweet94="rt  ahora resulta periodistas deportivos (los pasan hablando futbol) hoy son expertos box #chave"
@ATRIBUTE Tweet95 NUMERIC
	%Tweet95="rt  hoy miles madres esposas abuelas hijas #venezuela salen calle#justicia #libertad #ddhh #fuerzayfe"
@ATRIBUTE Tweet96 NUMERIC
	%Tweet96="rt  justicia messi insulto juez linea pruebas son clarisimas "
@ATRIBUTE Tweet97 NUMERIC
	%Tweet97="rt  accesibilidad movilidad hoy rodadero equidad igualdad justicia "
@ATRIBUTE Tweet98 NUMERIC
	%Tweet98="rt  esbirros #maduroasesinodelpueblo mataron hecder albert niumar francisco exigimos justicia"
@ATRIBUTE Tweet99 NUMERIC
	%Tweet99="barca campana referendum independentista "
@ATRIBUTE Tweet100 NUMERIC
	%Tweet100="rt  dip olmedo candidato macri salta solicito sesion especial aprobar pena muerte #buensabado"
@ATRIBUTE Tweet101 NUMERIC
	%Tweet101="rt  dije video partido momento messi insulta linea pruebas remito justic "
@ATRIBUTE Tweet102 NUMERIC
	%Tweet102="rt    buscad reino dios justicia vendra anadidura"
@ATRIBUTE Tweet103 NUMERIC
	%Tweet103="rt  esbirros #maduroasesinodelpueblo mataron hecder albert niumar francisco exigimos justicia"
@ATRIBUTE Tweet104 NUMERIC
	%Tweet104="rt  familia leopoldo lopez acudira justicia espanola via "
@ATRIBUTE Tweet105 NUMERIC
	%Tweet105="rt  esbirros #maduroasesinodelpueblo mataron hecder albert niumar francisco exigimos justicia"
@ATRIBUTE Tweet106 NUMERIC
	%Tweet106="rt  justicia espana multa 9000  neonazi agresion ano carcel cassandra conta "


@DATA
{ 1.0000,	0.2712,	0.0000,	0.3371,	0.2023,	0.0620,	0.0559,	0.0527,	0.2582,	0.7303,	0.0577,	0.0000,	1.0000,	0.2108,	0.1000,	0.0707,	0.2828,	0.1793,	0.2988,	0.0707,	0.0598,	0.2236,	0.2390,	0.0559,	0.1690,	0.0527,	0.3162,	0.3162,	0.2169,	0.2565,	0.2169,	0.2108,	0.1793,	0.4000,	0.4341,	0.2697,	0.0645,	0.2309,	0.1936,	0.0000,	0.0598,	0.0598,	0.0513,	0.2582,	0.4152,	0.2858,	0.0645,	0.0000,	0.2739,	0.3689,	0.0913,	0.4781,	0.0488,	0.2372,	0.2108,	0.2481,	0.0000,	0.0527,	0.0000,	0.0559,	0.0598,	0.4000,	0.2169,	0.0559,	0.0645,	0.3689,	0.0513,	0.0000,	0.0000,	0.2309,	0.3689,	0.0845,	0.2692,	0.1195,	0.2108,	0.2697,	0.0598,	0.2582,	0.0674,	0.2828,	0.3721,	0.3227,	0.4000,	0.0559,	0.3913,	0.2309,	0.2236,	0.4341,	0.2169,	0.3337,	0.1581,	0.4099,	0.2481,	0.0707,	0.2193,	0.2582,	0.6351,	0.2697,	0.2635,	0.0000,	0.2928,	0.7303,	0.2697,	0.2635,	0.2481,	0.2635,	0.2390}
{ 0.2712,	1.0000,	0.0000,	0.1463,	0.0000,	0.0673,	0.0606,	0.0572,	0.0700,	0.2970,	0.0626,	0.0000,	0.2712,	0.0572,	0.1085,	0.0000,	0.2301,	0.1945,	0.1296,	0.0767,	0.0648,	0.2425,	0.0648,	0.0606,	0.1833,	0.0572,	0.1715,	0.0857,	0.0588,	0.0556,	0.0000,	0.0572,	0.1945,	0.1085,	0.2018,	0.0731,	0.0700,	0.0000,	0.2100,	0.0000,	0.0000,	0.0648,	0.0556,	0.0700,	0.2702,	0.2657,	0.0700,	0.0000,	0.1485,	0.2287,	0.0990,	0.3241,	0.0529,	0.1715,	0.0572,	0.0673,	0.0000,	0.0572,	0.0000,	0.0606,	0.0648,	0.1085,	0.0588,	0.0606,	0.0700,	0.2287,	0.0556,	0.0000,	0.0000,	0.1252,	0.2287,	0.0917,	0.0000,	0.0648,	0.0572,	0.0731,	0.0648,	0.0700,	0.0731,	0.0767,	0.2018,	0.0700,	0.1085,	0.0606,	0.1819,	0.0626,	0.3032,	0.2691,	0.0000,	0.3620,	0.0000,	0.2021,	0.0673,	0.0000,	0.2378,	0.0934,	0.1879,	0.0731,	0.1143,	0.0000,	0.3176,	0.2970,	0.0731,	0.1143,	0.0673,	0.1143,	0.0648}
{ 0.0000,	0.0000,	1.0000,	0.0000,	0.0000,	0.0000,	0.0000,	0.0833,	0.0000,	0.0000,	0.0000,	0.1443,	0.0000,	0.0000,	0.0000,	0.1118,	0.0000,	0.0000,	0.0000,	0.0000,	0.0000,	0.0000,	0.0000,	0.0000,	0.0000,	0.0000,	0.0000,	0.0000,	0.0000,	0.0811,	0.0000,	0.0000,	0.0000,	0.0000,	0.0000,	0.0000,	0.0000,	0.0000,	0.0000,	0.0000,	0.0000,	0.0000,	0.0000,	0.0000,	0.0000,	0.0645,	0.0000,	0.0000,	0.0722,	0.0000,	0.0000,	0.0000,	0.0000,	0.0000,	0.0000,	0.0000,	0.0000,	0.0000,	0.0000,	0.0000,	0.0000,	0.0000,	0.0000,	0.0000,	0.0000,	0.0000,	0.0000,	0.0000,	0.0000,	0.0000,	0.0000,	0.0000,	0.0000,	0.0000,	0.0000,	0.0000,	0.0000,	0.0000,	0.0000,	0.0000,	0.0000,	0.0000,	0.0000,	0.0884,	0.0000,	0.0000,	0.0000,	0.0000,	0.0000,	0.0000,	0.0000,	0.0000,	0.0000,	0.0000,	0.0000,	0.0000,	0.0000,	0.0000,	0.0000,	0.0000,	0.0000,	0.0000,	0.0000,	0.0000,	0.0000,	0.0000,	0.0000}
{ 0.3371,	0.1463,	0.0000,	1.0000,	0.2727,	0.0000,	0.0000,	0.0000,	0.2611,	0.3077,	0.0000,	0.0000,	0.3371,	0.2132,	0.0000,	0.0953,	0.1907,	0.0806,	0.3223,	0.0000,	0.0000,	0.3015,	0.2417,	0.0000,	0.1140,	0.0000,	0.2843,	0.3198,	0.2194,	0.2767,	0.2925,	0.2132,	0.0806,	0.4045,	0.3345,	0.2727,	0.0000,	0.3114,	0.0870,	0.0000,	0.0806,	0.0000,	0.0000,	0.2611,	0.3359,	0.2752,	0.0870,	0.0000,	0.2462,	0.2843,	0.0000,	0.4029,	0.0000,	0.3198,	0.2132,	0.2509,	0.0000,	0.0000,	0.0000,	0.0000,	0.0000,	0.4045,	0.2194,	0.0000,	0.0000,	0.2843,	0.0000,	0.0000,	0.0000,	0.1557,	0.2843,	0.0000,	0.3630,	0.0806,	0.2132,	0.2727,	0.0000,	0.2611,	0.0000,	0.2860,	0.3345,	0.3482,	0.4045,	0.0000,	0.3769,	0.2335,	0.0754,	0.3345,	0.2925,	0.1928,	0.2132,	0.4020,	0.2509,	0.0953,	0.0591,	0.2321,	0.3892,	0.2727,	0.2132,	0.0000,	0.1316,	0.3077,	0.2727,	0.2132,	0.2509,	0.2132,	0.2417}
{ 0.2023,	0.0000,	0.0000,	0.2727,	1.0000,	0.0000,	0.0000,	0.0000,	0.9574,	0.1846,	0.0000,	0.0000,	0.2023,	0.2132,	0.0000,	0.0953,	0.0953,	0.0000,	0.2417,	0.0000,	0.0806,	0.0000,	0.2417,	0.0000,	0.0000,	0.0000,	0.2132,	0.3198,	0.2194,	0.2767,	0.2925,	0.2132,	0.0000,	0.4045,	0.2509,	0.3636,	0.0000,	0.3114,	0.0000,	0.0000,	0.0806,	0.0806,	0.0000,	0.9574,	0.2240,	0.0550,	0.0000,	0.0000,	0.2462,	0.2132,	0.0000,	0.2417,	0.0000,	0.1066,	0.2132,	0.3345,	0.0000,	0.0000,	0.0000,	0.0000,	0.0806,	0.4045,	0.2194,	0.0000,	0.0000,	0.2132,	0.0000,	0.0000,	0.0000,	0.0778,	0.2132,	0.0000,	0.3630,	0.0806,	0.2132,	0.3636,	0.0806,	0.9574,	0.0000,	0.2860,	0.2509,	0.3482,	0.4045,	0.0000,	0.3015,	0.2335,	0.0754,	0.2509,	0.2925,	0.0000,	0.2132,	0.3015,	0.2509,	0.0953,	0.0000,	0.2901,	0.3114,	0.2727,	0.2132,	0.0000,	0.0000,	0.1846,	0.2727,	0.2132,	0.3345,	0.2132,	0.2417}
{ 0.0620,	0.0673,	0.0000,	0.0000,	0.0000,	1.0000,	0.2774,	0.1961,	0.0801,	0.1698,	0.2864,	0.0000,	0.0620,	0.1307,	0.2481,	0.0877,	0.2631,	0.0741,	0.0741,	0.1754,	0.2965,	0.0000,	0.0741,	0.2774,	0.2097,	0.1961,	0.1961,	0.0981,	0.1345,	0.0636,	0.0673,	0.1307,	0.1482,	0.1240,	0.1538,	0.0836,	0.2402,	0.0000,	0.0801,	0.1387,	0.1482,	0.2965,	0.1909,	0.0801,	0.1545,	0.0506,	0.2402,	0.0000,	0.1698,	0.1307,	0.1132,	0.0741,	0.4237,	0.0000,	0.1307,	0.0769,	0.1432,	0.1961,	0.1387,	0.2774,	0.2965,	0.1240,	0.1345,	0.2774,	0.0801,	0.1307,	0.3818,	0.2224,	0.0000,	0.0000,	0.1307,	0.3145,	0.0000,	0.1482,	0.1307,	0.0836,	0.2965,	0.0801,	0.9199,	0.0877,	0.0769,	0.2402,	0.1240,	0.0693,	0.0693,	0.1432,	0.2080,	0.1538,	0.0673,	0.0591,	0.0000,	0.0462,	0.1538,	0.0000,	0.1632,	0.1068,	0.0716,	0.1672,	0.1307,	0.0000,	0.2421,	0.1698,	0.0836,	0.1307,	0.1538,	0.1307,	0.0741}
{ 0.0559,	0.0606,	0.0000,	0.0000,	0.0000,	0.2774,	1.0000,	0.1768,	0.0722,	0.1021,	0.0645,	0.0000,	0.0559,	0.0589,	0.3913,	0.0000,	0.2372,	0.0668,	0.0668,	0.0791,	0.8018,	0.0000,	0.0668,	0.1875,	0.1890,	0.1768,	0.0589,	0.0884,	0.0606,	0.0574,	0.0000,	0.0589,	0.0668,	0.1118,	0.1387,	0.0754,	0.1443,	0.0000,	0.0722,	0.0000,	0.0668,	0.8018,	0.1721,	0.0722,	0.0928,	0.0000,	0.2165,	0.0000,	0.1531,	0.1179,	0.1021,	0.0668,	0.7638,	0.0000,	0.0589,	0.0693,	0.0000,	0.1768,	0.0000,	1.0000,	0.8018,	0.1118,	0.0606,	1.0000,	0.0722,	0.1179,	0.5735,	0.1336,	0.0000,	0.0000,	0.1179,	0.2835,	0.0000,	0.2004,	0.0589,	0.0754,	0.8018,	0.0722,	0.3015,	0.0791,	0.0693,	0.0722,	0.1118,	0.0625,	0.0625,	0.0645,	0.1250,	0.1387,	0.0000,	0.0533,	0.0000,	0.0417,	0.0693,	0.0000,	0.1471,	0.0962,	0.0645,	0.0754,	0.1179,	0.0000,	0.2182,	0.1021,	0.0754,	0.1179,	0.0693,	0.1179,	0.0668}
{ 0.0527,	0.0572,	0.0833,	0.0000,	0.0000,	0.1961,	0.1768,	1.0000,	0.0680,	0.0962,	0.0609,	0.0000,	0.0527,	0.2222,	0.2108,	0.0000,	0.2236,	0.0630,	0.0630,	0.0745,	0.1890,	0.0000,	0.0630,	0.1768,	0.1782,	0.1667,	0.0556,	0.0833,	0.1143,	0.0541,	0.0000,	0.2222,	0.0630,	0.1054,	0.1307,	0.0711,	0.1361,	0.0000,	0.0680,	0.0000,	0.0000,	0.1890,	0.2163,	0.0680,	0.0875,	0.0000,	0.2041,	0.0000,	0.1443,	0.1111,	0.0962,	0.0630,	0.2572,	0.0000,	0.2222,	0.0654,	0.0000,	0.1667,	0.0000,	0.1768,	0.1890,	0.1054,	0.1143,	0.1768,	0.0680,	0.1111,	0.2704,	0.1260,	0.0000,	0.0000,	0.1111,	0.2673,	0.0000,	0.0630,	0.2222,	0.0711,	0.1890,	0.0680,	0.2132,	0.0745,	0.0654,	0.0680,	0.1054,	0.1179,	0.1179,	0.0609,	0.1179,	0.1307,	0.0000,	0.0503,	0.0000,	0.0393,	0.0654,	0.0000,	0.1387,	0.0907,	0.0609,	0.0711,	0.1667,	0.0000,	0.2057,	0.0962,	0.0711,	0.1667,	0.0654,	0.1667,	0.0630}
{ 0.2582,	0.0700,	0.0000,	0.2611,	0.9574,	0.0801,	0.0722,	0.0680,	1.0000,	0.2946,	0.0745,	0.0000,	0.2582,	0.2722,	0.1291,	0.0913,	0.1826,	0.0772,	0.2315,	0.0913,	0.1543,	0.0000,	0.3086,	0.0722,	0.0000,	0.0680,	0.2722,	0.4082,	0.2801,	0.3311,	0.2801,	0.2722,	0.0772,	0.5164,	0.3203,	0.4352,	0.0833,	0.2981,	0.0833,	0.0000,	0.0772,	0.1543,	0.0662,	1.0000,	0.3216,	0.0527,	0.0833,	0.0000,	0.2946,	0.3402,	0.1179,	0.3086,	0.0630,	0.1021,	0.2722,	0.4003,	0.0000,	0.0680,	0.0000,	0.0722,	0.1543,	0.5164,	0.2801,	0.0722,	0.0833,	0.3402,	0.0662,	0.0000,	0.0000,	0.0745,	0.3402,	0.1091,	0.3475,	0.1543,	0.2722,	0.4352,	0.1543,	1.0000,	0.0870,	0.3651,	0.3203,	0.4167,	0.5164,	0.0722,	0.3608,	0.2981,	0.2165,	0.4003,	0.2801,	0.0615,	0.2041,	0.3368,	0.3203,	0.0913,	0.1698,	0.3889,	0.3727,	0.3482,	0.3402,	0.0000,	0.1260,	0.2946,	0.3482,	0.3402,	0.4003,	0.3402,	0.3086}
{ 0.7303,	0.2970,	0.0000,	0.3077,	0.1846,	0.1698,	0.1021,	0.0962,	0.2946,	1.0000,	0.2108,	0.0000,	0.7303,	0.2887,	0.1826,	0.1936,	0.3873,	0.2182,	0.2728,	0.1936,	0.1091,	0.2041,	0.2728,	0.1531,	0.1543,	0.0962,	0.3849,	0.3608,	0.2970,	0.3278,	0.2970,	0.2887,	0.2728,	0.4564,	0.3963,	0.3077,	0.1768,	0.3162,	0.2357,	0.1021,	0.1637,	0.1091,	0.0937,	0.2946,	0.5307,	0.3354,	0.1179,	0.0000,	0.4583,	0.4330,	0.1667,	0.4910,	0.0891,	0.2887,	0.2887,	0.2831,	0.0527,	0.0962,	0.0000,	0.1021,	0.1091,	0.4564,	0.2970,	0.1021,	0.1179,	0.4330,	0.0937,	0.0546,	0.0000,	0.2635,	0.4330,	0.1543,	0.4178,	0.2728,	0.2887,	0.3077,	0.1091,	0.2946,	0.1846,	0.3227,	0.3963,	0.4125,	0.4564,	0.1021,	0.4593,	0.3689,	0.3062,	0.5095,	0.2970,	0.3482,	0.4330,	0.5443,	0.3397,	0.1291,	0.3203,	0.3536,	0.6325,	0.3693,	0.3368,	0.0000,	0.3563,	1.0000,	0.3077,	0.3368,	0.3397,	0.3368,	0.2728}
{ 0.0577,	0.0626,	0.0000,	0.0000,	0.0000,	0.2864,	0.0645,	0.0609,	0.0745,	0.2108,	1.0000,	0.0000,	0.0577,	0.1826,	0.1155,	0.1633,	0.0816,	0.0690,	0.0690,	0.2449,	0.0690,	0.0000,	0.0690,	0.1936,	0.0000,	0.0609,	0.1826,	0.0913,	0.1879,	0.0592,	0.1252,	0.1826,	0.2070,	0.1155,	0.0716,	0.0778,	0.2236,	0.0000,	0.0745,	0.2582,	0.0000,	0.0690,	0.0592,	0.0745,	0.2397,	0.0943,	0.0745,	0.0000,	0.0527,	0.1217,	0.1054,	0.0690,	0.0563,	0.0000,	0.1826,	0.0716,	0.1333,	0.0609,	0.0000,	0.0645,	0.0690,	0.1155,	0.1879,	0.0645,	0.0745,	0.1217,	0.0592,	0.1380,	0.0000,	0.0000,	0.1217,	0.0976,	0.0000,	0.2070,	0.1826,	0.0778,	0.0690,	0.0745,	0.3114,	0.0816,	0.0716,	0.0745,	0.1155,	0.0645,	0.0645,	0.2000,	0.1291,	0.1432,	0.1252,	0.0550,	0.0000,	0.0430,	0.2148,	0.0000,	0.2025,	0.0994,	0.1333,	0.2335,	0.1217,	0.0000,	0.1127,	0.2108,	0.0778,	0.1217,	0.2148,	0.1217,	0.0690}
{ 0.0000,	0.0000,	0.1443,	0.0000,	0.0000,	0.0000,	0.0000,	0.0000,	0.0000,	0.0000,	0.0000,	1.0000,	0.0000,	0.0000,	0.0000,	0.0000,	0.0000,	0.0000,	0.0000,	0.0000,	0.0000,	0.0000,	0.0000,	0.0000,	0.0000,	0.0000,	0.0000,	0.0000,	0.0000,	0.0000,	0.0000,	0.0000,	0.0000,	0.0000,	0.1132,	0.0000,	0.0000,	0.2108,	0.0000,	0.0000,	0.0000,	0.0000,	0.0000,	0.0000,	0.0000,	0.0000,	0.0000,	0.0000,	0.0000,	0.0000,	0.0000,	0.0000,	0.0000,	0.0000,	0.0000,	0.0000,	0.0000,	0.0000,	0.0000,	0.0000,	0.0000,	0.0000,	0.0000,	0.0000,	0.0000,	0.0000,	0.0000,	0.0000,	0.0000,	0.0000,	0.0000,	0.0000,	0.0000,	0.0000,	0.0000,	0.0000,	0.0000,	0.0000,	0.0000,	0.0000,	0.0000,	0.0000,	0.0000,	0.0000,	0.0000,	0.0000,	0.0000,	0.0000,	0.0000,	0.0000,	0.0000,	0.0000,	0.0000,	0.0000,	0.0000,	0.0000,	0.0000,	0.0000,	0.0000,	0.0000,	0.0000,	0.0000,	0.0000,	0.0000,	0.0000,	0.0000,	0.0000}
{ 1.0000,	0.2712,	0.0000,	0.3371,	0.2023,	0.0620,	0.0559,	0.0527,	0.2582,	0.7303,	0.0577,	0.0000,	1.0000,	0.2108,	0.1000,	0.0707,	0.2828,	0.1793,	0.2988,	0.0707,	0.0598,	0.2236,	0.2390,	0.0559,	0.1690,	0.0527,	0.3162,	0.3162,	0.2169,	0.2565,	0.2169,	0.2108,	0.1793,	0.4000,	0.4341,	0.2697,	0.0645,	0.2309,	0.1936,	0.0000,	0.0598,	0.0598,	0.0513,	0.2582,	0.4152,	0.2858,	0.0645,	0.0000,	0.2739,	0.3689,	0.0913,	0.4781,	0.0488,	0.2372,	0.2108,	0.2481,	0.0000,	0.0527,	0.0000,	0.0559,	0.0598,	0.4000,	0.2169,	0.0559,	0.0645,	0.3689,	0.0513,	0.0000,	0.0000,	0.2309,	0.3689,	0.0845,	0.2692,	0.1195,	0.2108,	0.2697,	0.0598,	0.2582,	0.0674,	0.2828,	0.3721,	0.3227,	0.4000,	0.0559,	0.3913,	0.2309,	0.2236,	0.4341,	0.2169,	0.3337,	0.1581,	0.4099,	0.2481,	0.0707,	0.2193,	0.2582,	0.6351,	0.2697,	0.2635,	0.0000,	0.2928,	0.7303,	0.2697,	0.2635,	0.2481,	0.2635,	0.2390}
{ 0.2108,	0.0572,	0.0000,	0.2132,	0.2132,	0.1307,	0.0589,	0.2222,	0.2722,	0.2887,	0.1826,	0.0000,	0.2108,	1.0000,	0.1054,	0.2236,	0.1491,	0.0630,	0.1890,	0.1491,	0.0630,	0.0000,	0.2520,	0.1179,	0.0000,	0.1667,	0.2778,	0.4167,	0.5717,	0.2704,	0.2858,	1.0000,	0.2520,	0.4216,	0.2615,	0.2843,	0.1361,	0.2434,	0.0680,	0.1179,	0.1890,	0.0630,	0.1081,	0.2722,	0.3064,	0.1721,	0.0680,	0.0000,	0.1925,	0.2778,	0.0962,	0.2520,	0.0514,	0.0833,	1.0000,	0.2615,	0.0609,	0.1667,	0.0000,	0.0589,	0.0630,	0.4216,	0.5717,	0.0589,	0.1361,	0.2778,	0.0541,	0.0630,	0.0000,	0.0609,	0.2778,	0.0891,	0.2838,	0.1890,	1.0000,	0.2843,	0.0630,	0.2722,	0.1421,	0.2981,	0.2615,	0.3402,	0.4216,	0.0589,	0.4714,	0.3043,	0.1179,	0.3269,	0.2858,	0.0503,	0.1667,	0.2750,	0.3269,	0.0745,	0.1387,	0.3175,	0.3043,	0.3553,	0.4444,	0.0000,	0.1029,	0.2887,	0.2843,	0.4444,	0.3269,	0.4444,	0.2520}
{ 0.1000,	0.1085,	0.0000,	0.0000,	0.0000,	0.2481,	0.3913,	0.2108,	0.1291,	0.1826,	0.1155,	0.0000,	0.1000,	0.1054,	1.0000,	0.0000,	0.2828,	0.1195,	0.0598,	0.1414,	0.3586,	0.0000,	0.1195,	0.2236,	0.1690,	0.2108,	0.1054,	0.1581,	0.1085,	0.1026,	0.0000,	0.1054,	0.1195,	0.2000,	0.1861,	0.1348,	0.1936,	0.0577,	0.1936,	0.0000,	0.0598,	0.3586,	0.2052,	0.1291,	0.1661,	0.0000,	0.2582,	0.0000,	0.1826,	0.2108,	0.1826,	0.1195,	0.4392,	0.0000,	0.1054,	0.1240,	0.0000,	0.2108,	0.0000,	0.3913,	0.3586,	0.2000,	0.1085,	0.3913,	0.1291,	0.2108,	0.4104,	0.1195,	0.0000,	0.0000,	0.2108,	0.3381,	0.0000,	0.1793,	0.1054,	0.1348,	0.3586,	0.1291,	0.2697,	0.1414,	0.1240,	0.1291,	0.2000,	0.1118,	0.1118,	0.1155,	0.2236,	0.2481,	0.0000,	0.1430,	0.0000,	0.0745,	0.1240,	0.0000,	0.2631,	0.2152,	0.1155,	0.1348,	0.2108,	0.0000,	0.2928,	0.1826,	0.2023,	0.2108,	0.1240,	0.2108,	0.1793}
{ 0.0707,	0.0000,	0.1118,	0.0953,	0.0953,	0.0877,	0.0000,	0.0000,	0.0913,	0.1936,	0.1633,	0.0000,	0.0707,	0.2236,	0.0000,	1.0000,	0.1000,	0.0000,	0.0845,	0.2000,	0.0000,	0.0000,	0.0845,	0.0791,	0.0000,	0.0000,	0.1491,	0.1118,	0.2301,	0.2176,	0.3068,	0.2236,	0.1690,	0.1414,	0.0877,	0.0953,	0.0913,	0.1633,	0.0000,	0.1581,	0.0845,	0.0000,	0.0000,	0.0913,	0.1762,	0.2309,	0.0000,	0.0000,	0.2582,	0.0745,	0.0000,	0.0845,	0.0000,	0.1118,	0.2236,	0.0877,	0.0816,	0.0000,	0.0000,	0.0000,	0.0000,	0.1414,	0.2301,	0.0000,	0.0000,	0.0745,	0.0000,	0.0845,	0.0000,	0.1633,	0.0745,	0.0000,	0.3046,	0.1690,	0.2236,	0.0953,	0.0000,	0.0913,	0.0953,	0.1000,	0.0877,	0.2739,	0.1414,	0.0000,	0.1581,	0.1633,	0.0791,	0.0877,	0.3068,	0.0000,	0.2236,	0.2108,	0.1754,	0.1000,	0.0620,	0.1217,	0.1633,	0.1907,	0.0745,	0.0000,	0.0000,	0.1936,	0.0953,	0.0745,	0.1754,	0.0745,	0.0845}
{ 0.2828,	0.2301,	0.0000,	0.1907,	0.0953,	0.2631,	0.2372,	0.2236,	0.1826,	0.3873,	0.0816,	0.0000,	0.2828,	0.1491,	0.2828,	0.1000,	1.0000,	0.1690,	0.2535,	0.1000,	0.2535,	0.1581,	0.1690,	0.2372,	0.3586,	0.2236,	0.2236,	0.2236,	0.1534,	0.2176,	0.1534,	0.1491,	0.1690,	0.2828,	0.3508,	0.1907,	0.2739,	0.1633,	0.1826,	0.0000,	0.0845,	0.2535,	0.2176,	0.1826,	0.3523,	0.2309,	0.2739,	0.0000,	0.4518,	0.2981,	0.1291,	0.3381,	0.3450,	0.2236,	0.1491,	0.1754,	0.0000,	0.2236,	0.0000,	0.2372,	0.2535,	0.2828,	0.1534,	0.2372,	0.0913,	0.2981,	0.3627,	0.1690,	0.0000,	0.1633,	0.2981,	0.3586,	0.3046,	0.1690,	0.1491,	0.1907,	0.2535,	0.1826,	0.2860,	0.2000,	0.2631,	0.2739,	0.2828,	0.0791,	0.3162,	0.1633,	0.2372,	0.3508,	0.1534,	0.2697,	0.2236,	0.3689,	0.1754,	0.1000,	0.2481,	0.2434,	0.3266,	0.1907,	0.2236,	0.0000,	0.4140,	0.3873,	0.1907,	0.2236,	0.1754,	0.2236,	0.1690}
{ 0.1793,	0.1945,	0.0000,	0.0806,	0.0000,	0.0741,	0.0668,	0.0630,	0.0772,	0.2182,	0.0690,	0.0000,	0.1793,	0.0630,	0.1195,	0.0000,	0.1690,	1.0000,	0.0714,	0.0845,	0.0714,	0.1336,	0.1429,	0.0668,	0.1010,	0.0630,	0.1260,	0.0945,	0.0648,	0.0613,	0.0000,	0.0630,	0.1429,	0.1195,	0.1482,	0.0806,	0.0772,	0.0000,	0.1543,	0.0000,	0.0000,	0.0714,	0.0613,	0.0772,	0.1985,	0.1464,	0.0772,	0.0000,	0.1091,	0.1890,	0.1091,	0.2143,	0.0583,	0.0945,	0.0630,	0.0741,	0.0000,	0.0630,	0.0000,	0.0668,	0.0714,	0.1195,	0.0648,	0.0668,	0.0772,	0.1890,	0.0613,	0.0000,	0.0000,	0.0690,	0.1890,	0.1010,	0.0000,	0.0714,	0.0630,	0.0806,	0.0714,	0.0772,	0.0806,	0.0845,	0.1482,	0.0772,	0.1195,	0.0668,	0.1336,	0.0690,	0.2004,	0.2224,	0.0000,	0.2279,	0.0000,	0.1336,	0.0741,	0.0000,	0.2097,	0.1029,	0.1380,	0.0806,	0.1260,	0.0000,	0.2333,	0.2182,	0.0806,	0.1260,	0.0741,	0.1260,	0.0714}
{ 0.2988,	0.1296,	0.0000,	0.3223,	0.2417,	0.0741,	0.0668,	0.0630,	0.2315,	0.2728,	0.0690,	0.0000,	0.2988,	0.1890,	0.0598,	0.0845,	0.2535,	0.0714,	1.0000,	0.0000,	0.0714,	0.1336,	0.2143,	0.0668,	0.2020,	0.0630,	0.2520,	0.2835,	0.1945,	0.2453,	0.2593,	0.1890,	0.0714,	0.3586,	0.3706,	0.3223,	0.0772,	0.2760,	0.0772,	0.0000,	0.0714,	0.0714,	0.0613,	0.2315,	0.3474,	0.2440,	0.1543,	0.0000,	0.2728,	0.2520,	0.0000,	0.3571,	0.1166,	0.2835,	0.1890,	0.2965,	0.0690,	0.0630,	0.0000,	0.0668,	0.0714,	0.3586,	0.1945,	0.0668,	0.0000,	0.2520,	0.1226,	0.0714,	0.0000,	0.1380,	0.2520,	0.1010,	0.3217,	0.0714,	0.1890,	0.3223,	0.0714,	0.2315,	0.0806,	0.2535,	0.2965,	0.3086,	0.3586,	0.0668,	0.3341,	0.2070,	0.0668,	0.2965,	0.2593,	0.1709,	0.1890,	0.3563,	0.2224,	0.0845,	0.0524,	0.2057,	0.3450,	0.2417,	0.1890,	0.0000,	0.1750,	0.2728,	0.2417,	0.1890,	0.2965,	0.1890,	0.2857}
{ 0.0707,	0.0767,	0.0000,	0.0000,	0.0000,	0.1754,	0.0791,	0.0745,	0.0913,	0.1936,	0.2449,	0.0000,	0.0707,	0.1491,	0.1414,	0.2000,	0.1000,	0.0845,	0.0000,	1.0000,	0.0845,	0.0000,	0.0845,	0.1581,	0.0000,	0.0745,	0.1491,	0.1118,	0.1534,	0.0725,	0.0767,	0.1491,	0.1690,	0.1414,	0.1754,	0.0953,	0.1826,	0.0000,	0.0913,	0.1581,	0.0000,	0.0845,	0.0725,	0.0913,	0.1762,	0.0577,	0.0913,	0.0000,	0.0645,	0.1491,	0.1291,	0.0845,	0.0690,	0.0000,	0.1491,	0.0877,	0.0816,	0.0745,	0.0000,	0.0791,	0.0845,	0.1414,	0.1534,	0.0791,	0.0913,	0.1491,	0.0725,	0.1690,	0.0000,	0.0816,	0.1491,	0.1195,	0.0000,	0.1690,	0.1491,	0.0953,	0.0845,	0.0913,	0.1907,	0.1000,	0.0877,	0.1826,	0.1414,	0.0791,	0.0791,	0.1633,	0.1581,	0.1754,	0.0767,	0.0674,	0.0000,	0.0527,	0.1754,	0.0000,	0.2481,	0.1217,	0.0816,	0.1907,	0.1491,	0.0000,	0.1380,	0.1936,	0.0953,	0.1491,	0.1754,	0.1491,	0.0845}
{ 0.0598,	0.0648,	0.0000,	0.0000,	0.0806,	0.2965,	0.8018,	0.1890,	0.1543,	0.1091,	0.0690,	0.0000,	0.0598,	0.0630,	0.3586,	0.0000,	0.2535,	0.0714,	0.0714,	0.0845,	1.0000,	0.0000,	0.0714,	0.2004,	0.2020,	0.1890,	0.0630,	0.0945,	0.0648,	0.0613,	0.0000,	0.0630,	0.0714,	0.1195,	0.1482,	0.1612,	0.1543,	0.0000,	0.0772,	0.0000,	0.0714,	1.0000,	0.1839,	0.1543,	0.0993,	0.0000,	0.2315,	0.0000,	0.2182,	0.1260,	0.1091,	0.0714,	0.6999,	0.0000,	0.0630,	0.1482,	0.0000,	0.1890,	0.0000,	0.8018,	1.0000,	0.1195,	0.0648,	0.8018,	0.0772,	0.1260,	0.4905,	0.1429,	0.0000,	0.0000,	0.1260,	0.3030,	0.0000,	0.2143,	0.0630,	0.1612,	1.0000,	0.1543,	0.3223,	0.0845,	0.0741,	0.0772,	0.1195,	0.0668,	0.0668,	0.0690,	0.1336,	0.1482,	0.0000,	0.0570,	0.0000,	0.0445,	0.0741,	0.0000,	0.1572,	0.2057,	0.0690,	0.0806,	0.1260,	0.0000,	0.2333,	0.1091,	0.0806,	0.1260,	0.1482,	0.1260,	0.0714}
{ 0.2236,	0.2425,	0.0000,	0.3015,	0.0000,	0.0000,	0.0000,	0.0000,	0.0000,	0.2041,	0.0000,	0.0000,	0.2236,	0.0000,	0.0000,	0.0000,	0.1581,	0.1336,	0.1336,	0.0000,	0.0000,	1.0000,	0.0000,	0.0000,	0.1890,	0.0000,	0.1179,	0.0000,	0.0000,	0.0000,	0.0000,	0.0000,	0.1336,	0.0000,	0.1387,	0.0000,	0.0000,	0.0000,	0.1443,	0.0000,	0.0000,	0.0000,	0.0000,	0.0000,	0.1857,	0.2739,	0.0000,	0.0000,	0.1021,	0.1179,	0.0000,	0.2673,	0.0000,	0.1768,	0.0000,	0.0000,	0.0000,	0.0000,	0.0000,	0.0000,	0.0000,	0.0000,	0.0000,	0.0000,	0.0000,	0.1179,	0.0000,	0.0000,	0.0000,	0.1291,	0.1179,	0.0000,	0.0000,	0.0000,	0.0000,	0.0000,	0.0000,	0.0000,	0.0000,	0.0000,	0.1387,	0.0000,	0.0000,	0.0000,	0.1250,	0.0000,	0.1250,	0.1387,	0.0000,	0.3198,	0.0000,	0.1667,	0.0000,	0.0000,	0.0981,	0.0000,	0.1291,	0.0000,	0.0000,	0.0000,	0.2182,	0.2041,	0.0000,	0.0000,	0.0000,	0.0000,	0.0000}
{ 0.2390,	0.0648,	0.0000,	0.2417,	0.2417,	0.0741,	0.0668,	0.0630,	0.3086,	0.2728,	0.0690,	0.0000,	0.2390,	0.2520,	0.1195,	0.0845,	0.1690,	0.1429,	0.2143,	0.0845,	0.0714,	0.0000,	1.0000,	0.0668,	0.0000,	0.1260,	0.3150,	0.3780,	0.2593,	0.3066,	0.2593,	0.2520,	0.0714,	0.4781,	0.2965,	0.3223,	0.0772,	0.2760,	0.0772,	0.0000,	0.0714,	0.0714,	0.0613,	0.3086,	0.4467,	0.0488,	0.0772,	0.0000,	0.2182,	0.3150,	0.1091,	0.2857,	0.0583,	0.0945,	0.2520,	0.2965,	0.0000,	0.1260,	0.0000,	0.0668,	0.0714,	0.4781,	0.2593,	0.0668,	0.0772,	0.3150,	0.0613,	0.0000,	0.0000,	0.0690,	0.3150,	0.1010,	0.3217,	0.1429,	0.2520,	0.3223,	0.0714,	0.3086,	0.0806,	0.4226,	0.2965,	0.3858,	0.4781,	0.0668,	0.3341,	0.2760,	0.1336,	0.3706,	0.2593,	0.0570,	0.1890,	0.3118,	0.2965,	0.0845,	0.1572,	0.3086,	0.3450,	0.3223,	0.3150,	0.0000,	0.1166,	0.2728,	0.3223,	0.3150,	0.2965,	0.3150,	0.2857}
{ 0.0559,	0.0606,	0.0000,	0.0000,	0.0000,	0.2774,	0.1875,	0.1768,	0.0722,	0.1531,	0.1936,	0.0000,	0.0559,	0.1179,	0.2236,	0.0791,	0.2372,	0.0668,	0.0668,	0.1581,	0.2004,	0.0000,	0.0668,	1.0000,	0.1890,	0.1768,	0.1179,	0.0884,	0.1213,	0.1147,	0.0606,	0.1179,	0.1336,	0.1118,	0.1387,	0.0754,	0.2165,	0.0000,	0.0722,	0.1250,	0.0000,	0.2004,	0.1721,	0.0722,	0.1393,	0.0456,	0.2165,	0.0000,	0.1531,	0.1179,	0.1021,	0.0668,	0.2728,	0.0000,	0.1179,	0.0693,	0.1291,	0.1768,	0.0000,	0.1875,	0.2004,	0.1118,	0.1213,	0.1875,	0.0722,	0.1179,	0.2868,	0.2004,	0.0000,	0.0000,	0.1179,	0.2835,	0.0000,	0.2673,	0.1179,	0.0754,	0.2004,	0.0722,	0.3015,	0.0791,	0.0693,	0.0722,	0.1118,	0.0625,	0.0625,	0.1291,	0.1250,	0.1387,	0.0606,	0.0533,	0.0000,	0.0417,	0.1387,	0.0000,	0.1471,	0.0962,	0.0645,	0.1508,	0.1179,	0.0000,	0.2182,	0.1531,	0.0754,	0.1179,	0.2080,	0.1179,	0.0668}
{ 0.1690,	0.1833,	0.0000,	0.1140,	0.0000,	0.2097,	0.1890,	0.1782,	0.0000,	0.1543,	0.0000,	0.0000,	0.1690,	0.0000,	0.1690,	0.0000,	0.3586,	0.1010,	0.2020,	0.0000,	0.2020,	0.1890,	0.0000,	0.1890,	1.0000,	0.1782,	0.0891,	0.0000,	0.0000,	0.0000,	0.0000,	0.0000,	0.1010,	0.0000,	0.2097,	0.0000,	0.1091,	0.0000,	0.1091,	0.0000,	0.0000,	0.2020,	0.1734,	0.0000,	0.1404,	0.2070,	0.2182,	0.0000,	0.2315,	0.0891,	0.0000,	0.2020,	0.3299,	0.1336,	0.0000,	0.0000,	0.0000,	0.1782,	0.0000,	0.1890,	0.2020,	0.0000,	0.0000,	0.1890,	0.0000,	0.0891,	0.3468,	0.3030,	0.0000,	0.0976,	0.0891,	0.2857,	0.0000,	0.0000,	0.0000,	0.0000,	0.2020,	0.0000,	0.2279,	0.0000,	0.1048,	0.0000,	0.0000,	0.0000,	0.0945,	0.0000,	0.0945,	0.1048,	0.0000,	0.2417,	0.0000,	0.1260,	0.0000,	0.0000,	0.1482,	0.0000,	0.0976,	0.0000,	0.0000,	0.0000,	0.3299,	0.1543,	0.0000,	0.0000,	0.0000,	0.0000,	0.0000}
{ 0.0527,	0.0572,	0.0000,	0.0000,	0.0000,	0.1961,	0.1768,	0.1667,	0.0680,	0.0962,	0.0609,	0.0000,	0.0527,	0.1667,	0.2108,	0.0000,	0.2236,	0.0630,	0.0630,	0.0745,	0.1890,	0.0000,	0.1260,	0.1768,	0.1782,	1.0000,	0.0556,	0.0833,	0.0572,	0.0541,	0.0000,	0.1667,	0.0630,	0.1054,	0.1307,	0.0711,	0.1361,	0.0000,	0.0680,	0.0000,	0.1260,	0.1890,	0.1622,	0.0680,	0.0875,	0.0000,	0.2041,	0.0000,	0.1443,	0.1111,	0.0962,	0.0630,	0.2572,	0.0000,	0.1667,	0.0654,	0.0000,	1.0000,	0.0000,	0.1768,	0.1890,	0.1054,	0.0572,	0.1768,	0.1361,	0.1111,	0.2704,	0.1260,	0.0000,	0.0000,	0.1111,	0.2673,	0.0000,	0.0630,	0.1667,	0.0711,	0.1890,	0.0680,	0.2132,	0.0745,	0.0654,	0.0680,	0.1054,	0.0589,	0.0589,	0.0609,	0.1179,	0.1307,	0.0000,	0.0503,	0.0000,	0.0393,	0.0654,	0.0000,	0.1387,	0.0907,	0.0609,	0.0711,	0.1111,	0.0000,	0.2057,	0.0962,	0.1421,	0.1111,	0.0654,	0.1111,	0.0630}
{ 0.3162,	0.1715,	0.0000,	0.2843,	0.2132,	0.1961,	0.0589,	0.0556,	0.2722,	0.3849,	0.1826,	0.0000,	0.3162,	0.2778,	0.1054,	0.1491,	0.2236,	0.1260,	0.2520,	0.1491,	0.0630,	0.1179,	0.3150,	0.1179,	0.0891,	0.0556,	1.0000,	0.3333,	0.2858,	0.2704,	0.2858,	0.2778,	0.1890,	0.4216,	0.3269,	0.2843,	0.1361,	0.2434,	0.2041,	0.1179,	0.1260,	0.0630,	0.0541,	0.2722,	0.3939,	0.2152,	0.0680,	0.0000,	0.2406,	0.3333,	0.1925,	0.4410,	0.0514,	0.1667,	0.2778,	0.2615,	0.1826,	0.0556,	0.1179,	0.0589,	0.0630,	0.4216,	0.2858,	0.0589,	0.0680,	0.3333,	0.0541,	0.0630,	0.0000,	0.1217,	0.3333,	0.0891,	0.2838,	0.1890,	0.2778,	0.2843,	0.0630,	0.2722,	0.1421,	0.3727,	0.3269,	0.4082,	0.4216,	0.0589,	0.3536,	0.3043,	0.2357,	0.3922,	0.2858,	0.2010,	0.1667,	0.3536,	0.3269,	0.0745,	0.1849,	0.2722,	0.3651,	0.3553,	0.2778,	0.0000,	0.2057,	0.3849,	0.2843,	0.2778,	0.3269,	0.2778,	0.2520}
{ 0.3162,	0.0857,	0.0000,	0.3198,	0.3198,	0.0981,	0.0884,	0.0833,	0.4082,	0.3608,	0.0913,	0.0000,	0.3162,	0.4167,	0.1581,	0.1118,	0.2236,	0.0945,	0.2835,	0.1118,	0.0945,	0.0000,	0.3780,	0.0884,	0.0000,	0.0833,	0.3333,	1.0000,	0.3430,	0.4056,	0.3430,	0.4167,	0.0945,	0.6325,	0.3922,	0.4264,	0.1021,	0.3651,	0.1021,	0.0000,	0.0945,	0.0945,	0.0811,	0.4082,	0.3939,	0.0645,	0.1021,	0.0000,	0.2887,	0.4167,	0.1443,	0.3780,	0.0772,	0.1250,	0.4167,	0.3922,	0.0000,	0.0833,	0.0000,	0.0884,	0.0945,	0.6325,	0.3430,	0.0884,	0.1021,	0.4167,	0.0811,	0.0000,	0.0000,	0.0913,	0.4167,	0.1336,	0.4256,	0.1890,	0.4167,	0.4264,	0.0945,	0.4082,	0.1066,	0.4472,	0.3922,	0.5103,	0.6325,	0.0884,	0.4419,	0.3651,	0.1768,	0.4903,	0.3430,	0.0754,	0.2500,	0.4125,	0.3922,	0.1118,	0.2080,	0.4082,	0.4564,	0.4264,	0.4167,	0.0000,	0.1543,	0.3608,	0.4264,	0.4167,	0.3922,	0.4167,	0.3780}
{ 0.2169,	0.0588,	0.0000,	0.2194,	0.2194,	0.1345,	0.0606,	0.1143,	0.2801,	0.2970,	0.1879,	0.0000,	0.2169,	0.5717,	0.1085,	0.2301,	0.1534,	0.0648,	0.1945,	0.1534,	0.0648,	0.0000,	0.2593,	0.1213,	0.0000,	0.0572,	0.2858,	0.3430,	1.0000,	0.2782,	0.2941,	0.5717,	0.2593,	0.4339,	0.2691,	0.2925,	0.1400,	0.2505,	0.0700,	0.1213,	0.0648,	0.0648,	0.1113,	0.2801,	0.3153,	0.1771,	0.0700,	0.0000,	0.1980,	0.2858,	0.0990,	0.2593,	0.0529,	0.0857,	0.5717,	0.2691,	0.0626,	0.0572,	0.0000,	0.0606,	0.0648,	0.4339,	1.0000,	0.0606,	0.0700,	0.2858,	0.0556,	0.0648,	0.0000,	0.0626,	0.2858,	0.0917,	0.2920,	0.1945,	0.5717,	0.2925,	0.0648,	0.2801,	0.1463,	0.3068,	0.2691,	0.3501,	0.4339,	0.0606,	0.5457,	0.3131,	0.1213,	0.3363,	0.2941,	0.0517,	0.1715,	0.2830,	0.3363,	0.0767,	0.1427,	0.2801,	0.3131,	0.3656,	0.5145,	0.0000,	0.1059,	0.2970,	0.2925,	0.5145,	0.3363,	0.5145,	0.2593}
{ 0.2565,	0.0556,	0.0811,	0.2767,	0.2767,	0.0636,	0.0574,	0.0541,	0.3311,	0.3278,	0.0592,	0.0000,	0.2565,	0.2704,	0.1026,	0.2176,	0.2176,	0.0613,	0.2453,	0.0725,	0.0613,	0.0000,	0.3066,	0.1147,	0.0000,	0.0541,	0.2704,	0.4056,	0.2782,	1.0000,	0.3338,	0.2704,	0.0613,	0.5130,	0.3181,	0.3459,	0.0662,	0.3554,	0.0662,	0.0000,	0.1226,	0.0613,	0.0526,	0.3311,	0.3408,	0.1257,	0.0662,	0.0000,	0.4215,	0.3244,	0.0937,	0.3066,	0.0501,	0.1622,	0.2704,	0.3181,	0.0000,	0.0541,	0.0000,	0.0574,	0.0613,	0.5130,	0.2782,	0.0574,	0.0662,	0.3244,	0.0526,	0.0000,	0.0000,	0.1185,	0.3244,	0.0867,	0.4971,	0.1839,	0.2704,	0.3459,	0.0613,	0.3311,	0.0692,	0.3627,	0.3181,	0.4636,	0.5130,	0.0574,	0.4015,	0.2962,	0.1147,	0.3818,	0.3338,	0.0489,	0.3244,	0.4206,	0.3181,	0.1451,	0.1350,	0.3532,	0.4146,	0.3459,	0.3244,	0.0000,	0.1001,	0.3278,	0.3459,	0.3244,	0.3181,	0.3244,	0.3066}
{ 0.2169,	0.0000,	0.0000,	0.2925,	0.2925,	0.0673,	0.0000,	0.0000,	0.2801,	0.2970,	0.1252,	0.0000,	0.2169,	0.2858,	0.0000,	0.3068,	0.1534,	0.0000,	0.2593,	0.0767,	0.0000,	0.0000,	0.2593,	0.0606,	0.0000,	0.0000,	0.2858,	0.3430,	0.2941,	0.3338,	1.0000,	0.2858,	0.0648,	0.4339,	0.2691,	0.2925,	0.0700,	0.3757,	0.0000,	0.1213,	0.1296,	0.0000,	0.0000,	0.2801,	0.3153,	0.1328,	0.0000,	0.0000,	0.2970,	0.2287,	0.0000,	0.2593,	0.0000,	0.1715,	0.2858,	0.2691,	0.0626,	0.0000,	0.0000,	0.0000,	0.0000,	0.4339,	0.2941,	0.0000,	0.0000,	0.2287,	0.0000,	0.0648,	0.0000,	0.1252,	0.2287,	0.0000,	0.5256,	0.1945,	0.2858,	0.2925,	0.0000,	0.2801,	0.0731,	0.3068,	0.2691,	0.4201,	0.4339,	0.0000,	0.3638,	0.3131,	0.0606,	0.2691,	1.0000,	0.0000,	0.3430,	0.4042,	0.3363,	0.1534,	0.0000,	0.2801,	0.3757,	0.3656,	0.2287,	0.0000,	0.0000,	0.2970,	0.2925,	0.2287,	0.3363,	0.2287,	0.2593}
{ 0.2108,	0.0572,	0.0000,	0.2132,	0.2132,	0.1307,	0.0589,	0.2222,	0.2722,	0.2887,	0.1826,	0.0000,	0.2108,	1.0000,	0.1054,	0.2236,	0.1491,	0.0630,	0.1890,	0.1491,	0.0630,	0.0000,	0.2520,	0.1179,	0.0000,	0.1667,	0.2778,	0.4167,	0.5717,	0.2704,	0.2858,	1.0000,	0.2520,	0.4216,	0.2615,	0.2843,	0.1361,	0.2434,	0.0680,	0.1179,	0.1890,	0.0630,	0.1081,	0.2722,	0.3064,	0.1721,	0.0680,	0.0000,	0.1925,	0.2778,	0.0962,	0.2520,	0.0514,	0.0833,	1.0000,	0.2615,	0.0609,	0.1667,	0.0000,	0.0589,	0.0630,	0.4216,	0.5717,	0.0589,	0.1361,	0.2778,	0.0541,	0.0630,	0.0000,	0.0609,	0.2778,	0.0891,	0.2838,	0.1890,	1.0000,	0.2843,	0.0630,	0.2722,	0.1421,	0.2981,	0.2615,	0.3402,	0.4216,	0.0589,	0.4714,	0.3043,	0.1179,	0.3269,	0.2858,	0.0503,	0.1667,	0.2750,	0.3269,	0.0745,	0.1387,	0.3175,	0.3043,	0.3553,	0.4444,	0.0000,	0.1029,	0.2887,	0.2843,	0.4444,	0.3269,	0.4444,	0.2520}
